<?xml version="1.0"?>
<opencv_storage>
<depthSurfHomography type_id="opencv-matrix">
  <rows>3</rows>
  <cols>3</cols>
  <dt>d</dt>
  <data>
    4.2465104901454775e-001 3.1863475010191579e-002
    -3.5642690244855686e+001 4.2915840057060192e-003
    4.6223691809114875e-001 -2.1714803187439578e+001
    -1.6237372807963276e-006 1.2910991202005019e-004 1.</data></depthSurfHomography>
</opencv_storage>
