<?xml version="1.0"?>
<opencv_storage>
<rgbSurfHomography type_id="opencv-matrix">
  <rows>3</rows>
  <cols>3</cols>
  <dt>d</dt>
  <data>
<<<<<<< HEAD
    3.7811577694480908e-001 2.1458751974726339e-002
    4.4055111766038578e+001 4.7261216831038207e-003
    3.9133033646152665e-001 1.8740397011219230e+001
    1.1931538713489821e-005 8.6548233074694065e-005 1.</data></rgbSurfHomography>
=======
    3.8937041297431002e-001 1.8943014332563537e-002
    1.1745825890150172e+001 1.2829068460108908e-002
    3.9554037175705242e-001 2.5793544528780088e+000
    2.9573668723824972e-005 8.0491557649441339e-005 1.</data></rgbSurfHomography>
>>>>>>> 11204909f795c413a5b58deea9d2b8f0e18e2411
</opencv_storage>
