<?xml version="1.0"?>
<opencv_storage>
<rgbSurfHomography type_id="opencv-matrix">
  <rows>3</rows>
  <cols>3</cols>
  <dt>d</dt>
  <data>
    3.8937041297431002e-001 1.8943014332563537e-002
    1.1745825890150172e+001 1.2829068460108908e-002
    3.9554037175705242e-001 2.5793544528780088e+000
    2.9573668723824972e-005 8.0491557649441339e-005 1.</data></rgbSurfHomography>
</opencv_storage>
